25.158005
8.960000
8.724989
9.091020
9.064989
9.013016
9.064989
8.803991
8.960000
9.221995
9.064989
8.960000
9.142993
9.168980
9.221995
9.325986
8.907982
8.724989
9.325986
8.985986
8.960000
9.586984
9.091020
9.091020
9.300000
9.039002
9.039002
9.117007
8.985986
9.195011
9.013016
9.064989
9.247982
9.378005
8.934014
9.142993
9.142993
9.168980
9.117007
9.325986
9.247982
9.300000
9.325986
8.803991
8.985986
9.221995
9.168980
9.403991
8.830023
9.457007
8.934014
9.195011
9.013016
9.117007
9.300000
9.091020
8.985986
9.352018
9.247982
9.221995
9.431020
9.142993
9.613016
9.168980
9.064989
8.934014
9.064989
9.274014
9.482993
9.221995
9.117007
8.985986
9.168980
9.247982
8.881995
9.247982
9.117007
9.039002
9.142993
9.770023
9.560998
9.325986
9.352018
9.247982
9.300000
8.960000
9.431020
9.168980
9.378005
9.274014
9.221995
9.274014
8.724989
9.300000
9.352018
9.168980
9.431020
9.300000
9.560998
9.953016
9.508980
